\begin{equation}d=\left[\begin{array}{cccccccccccccccccc}0 & 30 & 39 & 28 & 54 & 65 & 87 & 81 & 86 & 92 & 85 & 34 & 31 & 13 & 54 & 53 & 22 & 66\\30 & 0 & 60 & 14 & 67 & 41 & 89 & 79 & 66 & 69 & 86 & 61 & 20 & 25 & 52 & 34 & 8 & 78\\39 & 60 & 0 & 65 & 21 & 78 & 58 & 59 & 86 & 98 & 57 & 16 & 69 & 52 & 40 & 61 & 54 & 30\\28 & 14 & 65 & 0 & 75 & 54 & 101 & 91 & 80 & 82 & 98 & 62 & 6 & 17 & 64 & 48 & 12 & 86\\54 & 67 & 21 & 75 & 0 & 72 & 37 & 39 & 74 & 87 & 36 & 37 & 80 & 66 & 28 & 56 & 64 & 11\\65 & 41 & 78 & 54 & 72 & 0 & 76 & 62 & 28 & 28 & 73 & 86 & 59 & 64 & 45 & 17 & 48 & 80\\87 & 89 & 58 & 101 & 37 & 76 & 0 & 15 & 63 & 79 & 3 & 74 & 107 & 97 & 38 & 64 & 89 & 30\\81 & 79 & 59 & 91 & 39 & 62 & 15 & 0 & 49 & 64 & 12 & 74 & 97 & 89 & 28 & 51 & 80 & 36\\86 & 66 & 86 & 80 & 74 & 28 & 63 & 49 & 0 & 15 & 61 & 98 & 86 & 87 & 46 & 33 & 72 & 77\\92 & 69 & 98 & 82 & 87 & 28 & 79 & 64 & 15 & 0 & 76 & 109 & 87 & 92 & 59 & 40 & 76 & 92\\85 & 86 & 57 & 98 & 36 & 73 & 3 & 12 & 61 & 76 & 0 & 73 & 104 & 94 & 35 & 61 & 86 & 30\\34 & 61 & 16 & 62 & 37 & 86 & 74 & 74 & 98 & 109 & 73 & 0 & 65 & 46 & 54 & 70 & 54 & 46\\31 & 20 & 69 & 6 & 80 & 59 & 107 & 97 & 86 & 87 & 104 & 65 & 0 & 19 & 70 & 54 & 18 & 92\\13 & 25 & 52 & 17 & 66 & 64 & 97 & 89 & 87 & 92 & 94 & 46 & 19 & 0 & 61 & 54 & 17 & 77\\54 & 52 & 40 & 64 & 28 & 45 & 38 & 28 & 46 & 59 & 35 & 54 & 70 & 61 & 0 & 30 & 52 & 35\\53 & 34 & 61 & 48 & 56 & 17 & 64 & 51 & 33 & 40 & 61 & 70 & 54 & 54 & 30 & 0 & 39 & 64\\22 & 8 & 54 & 12 & 64 & 48 & 89 & 80 & 72 & 76 & 86 & 54 & 18 & 17 & 52 & 39 & 0 & 75\\66 & 78 & 30 & 86 & 11 & 80 & 30 & 36 & 77 & 92 & 30 & 46 & 92 & 77 & 35 & 64 & 75 & 0\end{array}\right]\label{eqn:tsp}\end{equation}
