\begin{equation}d^{(0)}=\left[\begin{array}{cccccccccccccccccccc}0.0 & 48.0 & 43.6 & 36.2 & 46.6 & 35.8 & 70.8 & 53.3 & 40.0 & 39.0 & 42.2 & 38.9 & 44.6 & 28.6 & 22.2 & 22.0 & 19.4 & 49.6 & 49.4 & 9.5\\48.0 & 0.0 & 89.9 & 18.2 & 64.5 & 57.4 & 68.9 & 52.2 & 75.1 & 57.1 & 85.7 & 84.1 & 73.2 & 19.8 & 70.2 & 55.6 & 45.4 & 76.2 & 1.4 & 46.8\\43.6 & 89.9 & 0.0 & 79.8 & 53.1 & 67.7 & 83.3 & 72.4 & 56.6 & 71.8 & 10.8 & 7.1 & 66.3 & 70.1 & 23.4 & 53.4 & 58.3 & 43.7 & 91.4 & 49.6\\36.2 & 18.2 & 79.8 & 0.0 & 66.1 & 39.2 & 77.8 & 59.6 & 57.4 & 38.8 & 77.5 & 74.9 & 55.1 & 16.3 & 58.0 & 38.6 & 28.5 & 75.3 & 19.1 & 32.2\\46.6 & 64.5 & 53.1 & 66.1 & 0.0 & 82.2 & 30.3 & 22.0 & 84.9 & 85.1 & 43.0 & 46.2 & 90.8 & 50.0 & 51.5 & 68.6 & 64.9 & 14.2 & 65.7 & 55.8\\35.8 & 57.4 & 67.7 & 39.2 & 82.2 & 0.0 & 103.9 & 85.6 & 21.1 & 4.1 & 71.0 & 66.1 & 16.0 & 46.5 & 45.0 & 15.1 & 17.7 & 85.2 & 58.3 & 26.4\\70.8 & 68.9 & 83.3 & 77.8 & 30.3 & 103.9 & 0.0 & 18.6 & 110.7 & 106.2 & 73.1 & 76.4 & 115.1 & 62.3 & 80.4 & 92.3 & 86.3 & 41.3 & 69.6 & 78.7\\53.3 & 52.2 & 72.4 & 59.6 & 22.0 & 85.6 & 18.6 & 0.0 & 93.3 & 87.7 & 63.2 & 65.4 & 97.2 & 43.8 & 65.5 & 74.4 & 67.9 & 36.1 & 53.2 & 60.8\\40.0 & 75.1 & 56.6 & 57.4 & 84.9 & 21.1 & 110.7 & 93.3 & 0.0 & 24.2 & 62.6 & 57.0 & 10.2 & 60.7 & 37.6 & 20.4 & 30.1 & 84.4 & 76.2 & 33.2\\39.0 & 57.1 & 71.8 & 38.8 & 85.1 & 4.1 & 106.2 & 87.7 & 24.2 & 0.0 & 75.0 & 70.1 & 17.7 & 47.5 & 49.1 & 19.0 & 20.2 & 88.6 & 57.9 & 29.5\\42.2 & 85.7 & 10.8 & 77.5 & 43.0 & 71.0 & 73.1 & 63.2 & 62.6 & 75.0 & 0.0 & 5.8 & 71.8 & 66.1 & 26.1 & 56.0 & 59.2 & 33.0 & 87.1 & 49.7\\38.9 & 84.1 & 7.1 & 74.9 & 46.2 & 66.1 & 76.4 & 65.4 & 57.0 & 70.1 & 5.8 & 0.0 & 66.3 & 64.4 & 21.0 & 51.2 & 55.1 & 37.3 & 85.6 & 45.9\\44.6 & 73.2 & 66.3 & 55.1 & 90.8 & 16.0 & 115.1 & 97.2 & 10.2 & 17.7 & 71.8 & 66.3 & 0.0 & 61.0 & 46.2 & 22.8 & 30.5 & 91.6 & 74.2 & 36.4\\28.6 & 19.8 & 70.1 & 16.3 & 50.0 & 46.5 & 62.3 & 43.8 & 60.7 & 47.5 & 66.1 & 64.4 & 61.0 & 0.0 & 50.6 & 40.3 & 30.8 & 59.8 & 21.3 & 29.2\\22.2 & 70.2 & 23.4 & 58.0 & 51.5 & 45.0 & 80.4 & 65.5 & 37.6 & 49.1 & 26.1 & 21.0 & 46.2 & 50.6 & 0.0 & 30.3 & 34.9 & 48.1 & 71.6 & 26.6\\22.0 & 55.6 & 53.4 & 38.6 & 68.6 & 15.1 & 92.3 & 74.4 & 20.4 & 19.0 & 56.0 & 51.2 & 22.8 & 40.3 & 30.3 & 0.0 & 10.2 & 70.7 & 56.7 & 13.6\\19.4 & 45.4 & 58.3 & 28.5 & 64.9 & 17.7 & 86.3 & 67.9 & 30.1 & 20.2 & 59.2 & 55.1 & 30.5 & 30.8 & 34.9 & 10.2 & 0.0 & 69.0 & 46.5 & 10.0\\49.6 & 76.2 & 43.7 & 75.3 & 14.2 & 85.2 & 41.3 & 36.1 & 84.4 & 88.6 & 33.0 & 37.3 & 91.6 & 59.8 & 48.1 & 70.7 & 69.0 & 0.0 & 77.5 & 59.1\\49.4 & 1.4 & 91.4 & 19.1 & 65.7 & 58.3 & 69.6 & 53.2 & 76.2 & 57.9 & 87.1 & 85.6 & 74.2 & 21.3 & 71.6 & 56.7 & 46.5 & 77.5 & 0.0 & 48.1\\9.5 & 46.8 & 49.6 & 32.2 & 55.8 & 26.4 & 78.7 & 60.8 & 33.2 & 29.5 & 49.7 & 45.9 & 36.4 & 29.2 & 26.6 & 13.6 & 10.0 & 59.1 & 48.1 & 0.0\end{array}\right]\label{eqn:tsp-0}\end{equation}
\begin{equation}d^{(1)}=\left[\begin{array}{cccccccccccccccccccc}0.0 & 28.3 & 33.4 & 39.1 & 59.9 & 58.4 & 102.3 & 69.1 & 85.0 & 85.5 & 69.0 & 58.3 & 51.0 & 40.0 & 80.3 & 31.8 & 54.7 & 64.0 & 75.6 & 52.2\\28.3 & 0.0 & 36.1 & 58.3 & 73.6 & 75.0 & 97.1 & 82.3 & 81.9 & 60.0 & 42.3 & 30.8 & 51.0 & 47.0 & 56.6 & 43.9 & 26.4 & 35.8 & 64.4 & 73.0\\33.4 & 36.1 & 0.0 & 30.0 & 38.6 & 41.6 & 68.9 & 46.9 & 51.6 & 68.8 & 57.3 & 51.3 & 17.7 & 11.2 & 60.8 & 13.0 & 53.3 & 58.8 & 44.1 & 43.8\\39.1 & 58.3 & 30.0 & 0.0 & 23.0 & 19.6 & 81.3 & 31.8 & 63.6 & 98.7 & 87.0 & 80.2 & 36.3 & 23.1 & 90.6 & 17.0 & 80.7 & 87.5 & 67.5 & 14.8\\59.9 & 73.6 & 38.6 & 23.0 & 0.0 & 8.0 & 64.4 & 9.2 & 48.0 & 101.2 & 93.2 & 89.0 & 33.2 & 27.5 & 91.9 & 30.0 & 91.8 & 96.6 & 60.4 & 20.9\\58.4 & 75.0 & 41.6 & 19.6 & 8.0 & 0.0 & 72.3 & 13.5 & 56.0 & 106.8 & 97.8 & 92.8 & 39.2 & 31.1 & 97.7 & 31.0 & 94.8 & 100.3 & 67.6 & 13.4\\102.3 & 97.1 & 68.9 & 81.3 & 64.4 & 72.3 & 0.0 & 62.0 & 17.9 & 81.2 & 86.0 & 90.5 & 51.4 & 64.1 & 72.0 & 73.9 & 98.4 & 96.5 & 35.4 & 85.0\\69.1 & 82.3 & 46.9 & 31.8 & 9.2 & 13.5 & 62.0 & 0.0 & 47.1 & 106.7 & 99.8 & 96.4 & 39.1 & 35.7 & 97.2 & 39.1 & 99.6 & 104.0 & 63.2 & 26.6\\85.0 & 81.9 & 51.6 & 63.6 & 48.0 & 56.0 & 17.9 & 47.1 & 0.0 & 76.0 & 77.1 & 79.5 & 34.0 & 46.3 & 66.2 & 56.1 & 86.5 & 86.2 & 26.7 & 68.2\\85.5 & 60.0 & 68.8 & 98.7 & 101.2 & 106.8 & 81.2 & 106.7 & 76.0 & 0.0 & 18.4 & 30.6 & 67.9 & 76.8 & 9.8 & 81.8 & 38.9 & 30.0 & 49.3 & 112.0\\69.0 & 42.3 & 57.3 & 87.0 & 93.2 & 97.8 & 86.0 & 99.8 & 77.1 & 18.4 & 0.0 & 12.2 & 60.8 & 66.8 & 19.1 & 70.0 & 20.6 & 12.7 & 51.1 & 101.1\\58.3 & 30.8 & 51.3 & 80.2 & 89.0 & 92.8 & 90.5 & 96.4 & 79.5 & 30.6 & 12.2 & 0.0 & 58.2 & 61.8 & 30.0 & 63.4 & 9.2 & 7.6 & 55.1 & 94.6\\51.0 & 51.0 & 17.7 & 36.3 & 33.2 & 39.2 & 51.4 & 39.1 & 34.0 & 67.9 & 60.8 & 58.2 & 0.0 & 14.1 & 58.7 & 23.8 & 62.6 & 65.8 & 31.1 & 46.6\\40.0 & 47.0 & 11.2 & 23.1 & 27.5 & 31.1 & 64.1 & 35.7 & 46.3 & 76.8 & 66.8 & 61.8 & 14.1 & 0.0 & 68.2 & 9.8 & 64.3 & 69.4 & 45.0 & 35.2\\80.3 & 56.6 & 60.8 & 90.6 & 91.9 & 97.7 & 72.0 & 97.2 & 66.2 & 9.8 & 19.1 & 30.0 & 58.7 & 68.2 & 0.0 & 73.8 & 39.1 & 31.8 & 39.6 & 103.5\\31.8 & 43.9 & 13.0 & 17.0 & 30.0 & 31.0 & 73.9 & 39.1 & 56.1 & 81.8 & 70.0 & 63.4 & 23.8 & 9.8 & 73.8 & 0.0 & 64.5 & 70.8 & 54.1 & 31.2\\54.7 & 26.4 & 53.3 & 80.7 & 91.8 & 94.8 & 98.4 & 99.6 & 86.5 & 38.9 & 20.6 & 9.2 & 62.6 & 64.3 & 39.1 & 64.5 & 0.0 & 10.0 & 63.0 & 95.4\\64.0 & 35.8 & 58.8 & 87.5 & 96.6 & 100.3 & 96.5 & 104.0 & 86.2 & 30.0 & 12.7 & 7.6 & 65.8 & 69.4 & 31.8 & 70.8 & 10.0 & 0.0 & 61.2 & 102.0\\75.6 & 64.4 & 44.1 & 67.5 & 60.4 & 67.6 & 35.4 & 63.2 & 26.7 & 49.3 & 51.1 & 55.1 & 31.1 & 45.0 & 39.6 & 54.1 & 63.0 & 61.2 & 0.0 & 76.9\\52.2 & 73.0 & 43.8 & 14.8 & 20.9 & 13.4 & 85.0 & 26.6 & 68.2 & 112.0 & 101.1 & 94.6 & 46.6 & 35.2 & 103.5 & 31.2 & 95.4 & 102.0 & 76.9 & 0.0\end{array}\right]\label{eqn:tsp-1}\end{equation}
\begin{equation}d^{(2)}=\left[\begin{array}{cccccccccccccccccccc}0.0 & 111.0 & 7.8 & 65.0 & 106.4 & 73.4 & 63.0 & 76.2 & 110.1 & 24.7 & 85.5 & 49.5 & 77.2 & 93.7 & 76.7 & 83.7 & 80.5 & 26.9 & 53.3 & 80.5\\111.0 & 0.0 & 103.3 & 48.0 & 17.9 & 58.4 & 76.9 & 85.0 & 22.8 & 87.3 & 39.1 & 76.6 & 85.0 & 20.6 & 64.0 & 45.0 & 36.1 & 84.2 & 59.2 & 41.8\\7.8 & 103.3 & 0.0 & 57.2 & 98.6 & 66.2 & 58.1 & 70.7 & 102.3 & 17.0 & 77.8 & 44.0 & 71.7 & 85.9 & 69.9 & 76.2 & 73.1 & 19.1 & 45.8 & 73.4\\65.0 & 48.0 & 57.2 & 0.0 & 41.4 & 24.8 & 55.5 & 50.1 & 45.3 & 40.5 & 23.1 & 46.1 & 50.6 & 29.0 & 32.5 & 24.3 & 30.4 & 38.3 & 22.6 & 36.7\\106.4 & 17.9 & 98.6 & 41.4 & 0.0 & 44.6 & 83.0 & 69.6 & 6.3 & 81.8 & 25.1 & 79.4 & 69.5 & 13.6 & 49.0 & 30.4 & 42.2 & 79.6 & 58.5 & 49.6\\73.4 & 58.4 & 66.2 & 24.8 & 44.6 & 0.0 & 79.4 & 27.7 & 45.2 & 49.8 & 19.6 & 68.5 & 27.9 & 38.1 & 7.8 & 14.3 & 53.3 & 50.2 & 45.7 & 60.5\\63.0 & 76.9 & 58.1 & 55.5 & 83.0 & 79.4 & 0.0 & 100.5 & 89.0 & 53.5 & 76.2 & 14.9 & 101.2 & 70.1 & 86.8 & 79.1 & 41.3 & 48.5 & 33.8 & 35.2\\76.2 & 85.0 & 70.7 & 50.1 & 69.6 & 27.7 & 100.5 & 0.0 & 68.7 & 57.9 & 46.0 & 87.6 & 1.0 & 65.1 & 21.0 & 40.0 & 80.1 & 60.5 & 67.2 & 86.8\\110.1 & 22.8 & 102.3 & 45.3 & 6.3 & 45.2 & 89.0 & 68.7 & 0.0 & 85.4 & 26.4 & 85.0 & 68.4 & 19.1 & 48.7 & 30.9 & 48.4 & 83.5 & 63.6 & 55.9\\24.7 & 87.3 & 17.0 & 40.5 & 81.8 & 49.8 & 53.5 & 57.9 & 85.4 & 0.0 & 60.8 & 38.6 & 58.8 & 69.4 & 54.1 & 59.2 & 59.2 & 5.1 & 32.3 & 60.9\\85.5 & 39.1 & 77.8 & 23.1 & 25.1 & 19.6 & 76.2 & 46.0 & 26.4 & 60.8 & 0.0 & 68.5 & 46.0 & 19.2 & 25.0 & 6.1 & 41.9 & 59.6 & 45.1 & 49.8\\49.5 & 76.6 & 44.0 & 46.1 & 79.4 & 68.5 & 14.9 & 87.6 & 85.0 & 38.6 & 68.5 & 0.0 & 88.4 & 65.9 & 75.6 & 70.4 & 40.7 & 33.6 & 23.5 & 37.0\\77.2 & 85.0 & 71.7 & 50.6 & 69.5 & 27.9 & 101.2 & 1.0 & 68.4 & 58.8 & 46.0 & 88.4 & 0.0 & 65.2 & 21.1 & 40.0 & 80.5 & 61.5 & 67.9 & 87.2\\93.7 & 20.6 & 85.9 & 29.0 & 13.6 & 38.1 & 70.1 & 65.1 & 19.1 & 69.4 & 19.2 & 65.9 & 65.2 & 0.0 & 44.1 & 25.3 & 30.1 & 66.8 & 44.9 & 37.9\\76.7 & 64.0 & 69.9 & 32.5 & 49.0 & 7.8 & 86.8 & 21.0 & 48.7 & 54.1 & 25.0 & 75.6 & 21.1 & 44.1 & 0.0 & 19.0 & 61.1 & 55.0 & 53.0 & 68.2\\83.7 & 45.0 & 76.2 & 24.3 & 30.4 & 14.3 & 79.1 & 40.0 & 30.9 & 59.2 & 6.1 & 70.4 & 40.0 & 25.3 & 19.0 & 0.0 & 46.7 & 58.5 & 46.9 & 54.5\\80.5 & 36.1 & 73.1 & 30.4 & 42.2 & 53.3 & 41.3 & 80.1 & 48.4 & 59.2 & 41.9 & 40.7 & 80.5 & 30.1 & 61.1 & 46.7 & 0.0 & 55.0 & 27.3 & 8.1\\26.9 & 84.2 & 19.1 & 38.3 & 79.6 & 50.2 & 48.5 & 60.5 & 83.5 & 5.1 & 59.6 & 33.6 & 61.5 & 66.8 & 55.0 & 58.5 & 55.0 & 0.0 & 27.9 & 56.3\\53.3 & 59.2 & 45.8 & 22.6 & 58.5 & 45.7 & 33.8 & 67.2 & 63.6 & 32.3 & 45.1 & 23.5 & 67.9 & 44.9 & 53.0 & 46.9 & 27.3 & 27.9 & 0.0 & 28.6\\80.5 & 41.8 & 73.4 & 36.7 & 49.6 & 60.5 & 35.2 & 86.8 & 55.9 & 60.9 & 49.8 & 37.0 & 87.2 & 37.9 & 68.2 & 54.5 & 8.1 & 56.3 & 28.6 & 0.0\end{array}\right]\label{eqn:tsp-2}\end{equation}
