\begin{equation}d=\left[\begin{array}{ccccccccccccc}0 & 35 & 35 & 29 & 70 & 35 & 42 & 27 & 24 & 44 & 58 & 71 & 69\\35 & 0 & 67 & 32 & 72 & 40 & 71 & 56 & 36 & 11 & 66 & 70 & 37\\35 & 67 & 0 & 63 & 64 & 68 & 11 & 12 & 56 & 77 & 48 & 67 & 94\\29 & 32 & 63 & 0 & 93 & 8 & 71 & 56 & 8 & 33 & 84 & 93 & 69\\70 & 72 & 64 & 93 & 0 & 101 & 56 & 56 & 92 & 81 & 16 & 5 & 69\\35 & 40 & 68 & 8 & 101 & 0 & 76 & 62 & 11 & 39 & 91 & 101 & 76\\42 & 71 & 11 & 71 & 56 & 76 & 0 & 15 & 65 & 81 & 40 & 60 & 94\\27 & 56 & 12 & 56 & 56 & 62 & 15 & 0 & 50 & 66 & 41 & 58 & 82\\24 & 36 & 56 & 8 & 92 & 11 & 65 & 50 & 0 & 39 & 81 & 91 & 74\\44 & 11 & 77 & 33 & 81 & 39 & 81 & 66 & 39 & 0 & 77 & 79 & 37\\58 & 66 & 48 & 84 & 16 & 91 & 40 & 41 & 81 & 77 & 0 & 20 & 73\\71 & 70 & 67 & 93 & 5 & 101 & 60 & 58 & 91 & 79 & 20 & 0 & 65\\69 & 37 & 94 & 69 & 69 & 76 & 94 & 82 & 74 & 37 & 73 & 65 & 0\end{array}\right]\label{eqn:tsp}\end{equation}
